-0.0496416539
-0.0798355788
0.1121701449
0.1766265929
0.4292395115
0.08207590133
-0.2012963593
-0.09356825054
0.4524821639
-0.1363088191
-0.0324421078
0.3854171932
-0.2104787827
-0.02657449432
-0.05203814432
0.01233070996
0.1508850902
0.6317744255
0.182098642
0.3608115017
-0.3104060292
-0.3523946404
0.2555719912
0.1183594689
0.09363743663
-0.3484070003
-0.07583295554
0.5693516731
0.0131603973
-0.4622603655
0.2635580599
-0.003798387246
0.1789910197
-0.05189865828
0.06456755847
0.1310955882
-0.06654116511
-8.441694081e-05
-0.5491482615
0.1460005939
0.2044744939
0.4274436235
-0.04462362826
0.07298111171
0.0400320366
-0.386562258
0.2000482678
-0.3172379136
0.1773414761
0.4628754556
-0.4448823333
0.4073657095
0.1011143476
0.1444635987
0.1543407887
-0.1037093028
-0.1973208338
0.2426231951
0.23083134
0.1966274977
0.01019064337
-0.08736014366
0.1415878236
0.8489124775
